0 	 [0, 0, 0] [0, 3, 0] [3, 3, 0] [3, 0, 0]	1 	 [0, 3, 0] [0, 6, 0] [3, 6, 0] [3, 3, 0]	2 	 [0, 6, 0] [0, 9, 0] [3, 9, 0] [3, 6, 0]	

3 	 [3, 0, 0] [3, 3, 0] [6, 3, 0] [6, 0, 0]	4 	 [3, 3, 0] [3, 6, 0] [6, 6, 0] [6, 3, 0]	5 	 [3, 6, 0] [3, 9, 0] [6, 9, 0] [6, 6, 0]	

6 	 [6, 0, 0] [6, 3, 0] [9, 3, 0] [9, 0, 0]	7 	 [6, 3, 0] [6, 6, 0] [9, 6, 0] [9, 3, 0]	8 	 [6, 6, 0] [6, 9, 0] [9, 9, 0] [9, 6, 0]	



9 	 [0, 0, 3] [0, 3, 3] [3, 3, 3] [3, 0, 3]	10 	 [0, 3, 3] [0, 6, 3] [3, 6, 3] [3, 3, 3]	11 	 [0, 6, 3] [0, 9, 3] [3, 9, 3] [3, 6, 3]

12 	 [3, 0, 3] [3, 3, 3] [6, 3, 3] [6, 0, 3]	13 	 [3, 3, 3] [3, 6, 3] [6, 6, 3] [6, 3, 3]	14 	 [3, 6, 3] [3, 9, 3] [6, 9, 3] [6, 6, 3]

15 	 [6, 0, 3] [6, 3, 3] [9, 3, 3] [9, 0, 3]	16 	 [6, 3, 3] [6, 6, 3] [9, 6, 3] [9, 3, 3]	17 	 [6, 6, 3] [6, 9, 3] [9, 9, 3] [9, 6, 3]



18 	 [0, 0, 6] [0, 3, 6] [3, 3, 6] [3, 0, 6]	19 	 [0, 3, 6] [0, 6, 6] [3, 6, 6] [3, 3, 6]	20 	 [0, 6, 6] [0, 9, 6] [3, 9, 6] [3, 6, 6]

21 	 [3, 0, 6] [3, 3, 6] [6, 3, 6] [6, 0, 6]	22 	 [3, 3, 6] [3, 6, 6] [6, 6, 6] [6, 3, 6]	23 	 [3, 6, 6] [3, 9, 6] [6, 9, 6] [6, 6, 6]

24 	 [6, 0, 6] [6, 3, 6] [9, 3, 6] [9, 0, 6]	25 	 [6, 3, 6] [6, 6, 6] [9, 6, 6] [9, 3, 6]	26 	 [6, 6, 6] [6, 9, 6] [9, 9, 6] [9, 6, 6]



27 	 [0, 0, 9] [0, 3, 9] [3, 3, 9] [3, 0, 9]	28 	 [0, 3, 9] [0, 6, 9] [3, 6, 9] [3, 3, 9]	29 	 [0, 6, 9] [0, 9, 9] [3, 9, 9] [3, 6, 9]

30 	 [3, 0, 9] [3, 3, 9] [6, 3, 9] [6, 0, 9]	31 	 [3, 3, 9] [3, 6, 9] [6, 6, 9] [6, 3, 9]	32 	 [3, 6, 9] [3, 9, 9] [6, 9, 9] [6, 6, 9]

33 	 [6, 0, 9] [6, 3, 9] [9, 3, 9] [9, 0, 9]	34 	 [6, 3, 9] [6, 6, 9] [9, 6, 9] [9, 3, 9]	35 	 [6, 6, 9] [6, 9, 9] [9, 9, 9] [9, 6, 9]
