72 	 [0, 0, 0] [3, 0, 0] [3, 0, 3] [0, 0, 3]	73 	 [3, 0, 0] [6, 0, 0] [6, 0, 3] [3, 0, 3]	74 	 [6, 0, 0] [9, 0, 0] [9, 0, 3] [6, 0, 3]

75 	 [0, 0, 3] [3, 0, 3] [3, 0, 6] [0, 0, 6]	76 	 [3, 0, 3] [6, 0, 3] [6, 0, 6] [3, 0, 6]	77 	 [6, 0, 3] [9, 0, 3] [9, 0, 6] [6, 0, 6]

78 	 [0, 0, 6] [3, 0, 6] [3, 0, 9] [0, 0, 9]	79 	 [3, 0, 6] [6, 0, 6] [6, 0, 9] [3, 0, 9]	80 	 [6, 0, 6] [9, 0, 6] [9, 0, 9] [6, 0, 9]



81 	 [0, 3, 0] [3, 3, 0] [3, 3, 3] [0, 3, 3]	82 	 [3, 3, 0] [6, 3, 0] [6, 3, 3] [3, 3, 3]	83 	 [6, 3, 0] [9, 3, 0] [9, 3, 3] [6, 3, 3]

84 	 [0, 3, 3] [3, 3, 3] [3, 3, 6] [0, 3, 6]	85 	 [3, 3, 3] [6, 3, 3] [6, 3, 6] [3, 3, 6]	86 	 [6, 3, 3] [9, 3, 3] [9, 3, 6] [6, 3, 6]

87 	 [0, 3, 6] [3, 3, 6] [3, 3, 9] [0, 3, 9]	88 	 [3, 3, 6] [6, 3, 6] [6, 3, 9] [3, 3, 9]	89 	 [6, 3, 6] [9, 3, 6] [9, 3, 9] [6, 3, 9]



90 	 [0, 6, 0] [3, 6, 0] [3, 6, 3] [0, 6, 3]	91 	 [3, 6, 0] [6, 6, 0] [6, 6, 3] [3, 6, 3]	92 	 [6, 6, 0] [9, 6, 0] [9, 6, 3] [6, 6, 3]

93 	 [0, 6, 3] [3, 6, 3] [3, 6, 6] [0, 6, 6]	94 	 [3, 6, 3] [6, 6, 3] [6, 6, 6] [3, 6, 6]	95 	 [6, 6, 3] [9, 6, 3] [9, 6, 6] [6, 6, 6]

96 	 [0, 6, 6] [3, 6, 6] [3, 6, 9] [0, 6, 9]	97 	 [3, 6, 6] [6, 6, 6] [6, 6, 9] [3, 6, 9]	98 	 [6, 6, 6] [9, 6, 6] [9, 6, 9] [6, 6, 9]



99 	 [0, 9, 0] [3, 9, 0] [3, 9, 3] [0, 9, 3]	100 	 [3, 9, 0] [6, 9, 0] [6, 9, 3] [3, 9, 3]	101 	 [6, 9, 0] [9, 9, 0] [9, 9, 3] [6, 9, 3]

102 	 [0, 9, 3] [3, 9, 3] [3, 9, 6] [0, 9, 6]	103 	 [3, 9, 3] [6, 9, 3] [6, 9, 6] [3, 9, 6]	104 	 [6, 9, 3] [9, 9, 3] [9, 9, 6] [6, 9, 6]

105 	 [0, 9, 6] [3, 9, 6] [3, 9, 9] [0, 9, 9]	106 	 [3, 9, 6] [6, 9, 6] [6, 9, 9] [3, 9, 9]	107 	 [6, 9, 6] [9, 9, 6] [9, 9, 9] [6, 9, 9]