36 	 [0, 0, 0] [0, 0, 3] [0, 3, 3] [0, 3, 0]	37 	 [0, 0, 3] [0, 0, 6] [0, 3, 6] [0, 3, 3]	38 	 [0, 0, 6] [0, 0, 9] [0, 3, 9] [0, 3, 6]

39 	 [0, 3, 0] [0, 3, 3] [0, 6, 3] [0, 6, 0]	40 	 [0, 3, 3] [0, 3, 6] [0, 6, 6] [0, 6, 3]	41 	 [0, 3, 6] [0, 3, 9] [0, 6, 9] [0, 6, 6]

42 	 [0, 6, 0] [0, 6, 3] [0, 9, 3] [0, 9, 0]	43 	 [0, 6, 3] [0, 6, 6] [0, 9, 6] [0, 9, 3]	44 	 [0, 6, 6] [0, 6, 9] [0, 9, 9] [0, 9, 6]



45 	 [3, 0, 0] [3, 0, 3] [3, 3, 3] [3, 3, 0]	46 	 [3, 0, 3] [3, 0, 6] [3, 3, 6] [3, 3, 3]	47 	 [3, 0, 6] [3, 0, 9] [3, 3, 9] [3, 3, 6]

48 	 [3, 3, 0] [3, 3, 3] [3, 6, 3] [3, 6, 0]	49 	 [3, 3, 3] [3, 3, 6] [3, 6, 6] [3, 6, 3]	50 	 [3, 3, 6] [3, 3, 9] [3, 6, 9] [3, 6, 6]

51 	 [3, 6, 0] [3, 6, 3] [3, 9, 3] [3, 9, 0]	52 	 [3, 6, 3] [3, 6, 6] [3, 9, 6] [3, 9, 3]	53 	 [3, 6, 6] [3, 6, 9] [3, 9, 9] [3, 9, 6]



54 	 [6, 0, 0] [6, 0, 3] [6, 3, 3] [6, 3, 0]	55 	 [6, 0, 3] [6, 0, 6] [6, 3, 6] [6, 3, 3]	56 	 [6, 0, 6] [6, 0, 9] [6, 3, 9] [6, 3, 6]

57 	 [6, 3, 0] [6, 3, 3] [6, 6, 3] [6, 6, 0]	58 	 [6, 3, 3] [6, 3, 6] [6, 6, 6] [6, 6, 3]	59 	 [6, 3, 6] [6, 3, 9] [6, 6, 9] [6, 6, 6]

60 	 [6, 6, 0] [6, 6, 3] [6, 9, 3] [6, 9, 0]	61 	 [6, 6, 3] [6, 6, 6] [6, 9, 6] [6, 9, 3]	62 	 [6, 6, 6] [6, 6, 9] [6, 9, 9] [6, 9, 6]



63 	 [9, 0, 0] [9, 0, 3] [9, 3, 3] [9, 3, 0]	64 	 [9, 0, 3] [9, 0, 6] [9, 3, 6] [9, 3, 3]	65 	 [9, 0, 6] [9, 0, 9] [9, 3, 9] [9, 3, 6]

66 	 [9, 3, 0] [9, 3, 3] [9, 6, 3] [9, 6, 0]	67 	 [9, 3, 3] [9, 3, 6] [9, 6, 6] [9, 6, 3]	68 	 [9, 3, 6] [9, 3, 9] [9, 6, 9] [9, 6, 6]

69 	 [9, 6, 0] [9, 6, 3] [9, 9, 3] [9, 9, 0]	70 	 [9, 6, 3] [9, 6, 6] [9, 9, 6] [9, 9, 3]	71 	 [9, 6, 6] [9, 6, 9] [9, 9, 9] [9, 9, 6]